anger: 0.0
joy: 0.2698183117812252
last_update: 1761474404.2543757
last_user_ts: 1761474401.3744893
mood: 平静
scene: 求助
